 
 
19.4133 -99.5279
33.0313 -116.8579
40.2016 -3.7952
40.2504 -3.8306
40.4143 -3.7016
40.4143 -3.7016
40.4143 -3.7016
40.4143 -3.7016
40.4143 -3.7016
40.4143 -3.7016
40.4143 -3.7016
40.4143 -3.7016
40.4143 -3.7016
40.4172 -3.6840
40.4172 -3.6840
40.5035 -3.5278
40.6009 -3.7081
40.6009 -3.7081
40.6009 -3.7081
40.6009 -3.7081
40.6009 -3.7081
40.6009 -3.7081
40.6009 -3.7081
40.6009 -3.7081
41.9831 2.8249
41.9831 2.8249
43.5357 -5.6615
45.4827 -73.6447
51.3873 -0.1596
51.4890 -0.1696
51.5167 0.0667
51.5507 -0.0537
51.5638 -0.0765
51.5638 -0.0765
51.5638 -0.0765
51.5638 -0.0765
51.5638 -0.0765
52.3824 4.8995
52.4812 -1.8995
53.3472 -6.2439
53.3472 -6.2439
54.0000 -2.0000
56.3015 10.4751
